11 Korinther 12, 2·4. stellenregister. K010⁵⁵01 52 ¹0· 425

12, 2·4: 1147, 29. 148, 23. 1,21: 1165, 30- -11263, 2, 2521227,9111352 18.
22, 2.4, , . Ι 23, 26. 23,11339 21. 374, 13. 17. 3,8:,112827.- -*I,1124 12.
22,22199,25,2711112,23. . . ,1135624326 , .,119015
2,1.978 22....11262323241135826463 5.

12,4:1176,12. 294311 2,.3 ,1342, 21. 3, 19. .11,385 1.
297 29362 29 26 ...,11239263261232 24 11225,

ιωώ-μΗψὸατ Hmffim wmwwsswss
22, 72 11230, 2611325, 25, 2, 10. . . .11376, 22. 3, 22214,23111188,6.262,
384, 3. 2, 12: 1200, 25.-1136, 22. 272, 2. 273, 311362,

emtor 2130223144. ,„22531333, 33. ἐξ. 310, 20. 348, 24, 352,

24 12662 -1134, 12 226 22 , Π236 32 47 15233427 47 15.

m²w9msm2w H½9wm⁶4wluffssffl91

1216. 2,122.... 134425 3ο9,.3ο
5....II402,3.43‚8 I,..18710

11. 22 .11,17315.3,9..10 .1113916. 1111101101

22 , .II,.173133,.1011 . 143 24 ,.5 11384 27
252 11 369, 25. 326, 211 3, 24. 25. ,,11396 ²5· 1, 10. . 1228, 29.
315,.14 325,.,.Ι242422216269427411
16....143,1.:,.1316I17019- 11234, 204,10.
19....197,.114.,.18825197,28.1,13.15..,1134824
2,5....11173,18.,317 I.,.I34425113.,.111222
2,9 ....1127,‚.2.8320 1132423375 6. 2, 252126332282911
2,.22 1227, 22. 25, 31. 47. .,11346 3 154,17. 258, 27. 35, 20.
2,1„.9....II3662949 1166*5 8 -111221412188,
2, 262122,22.231296, 26. 4, 26, , ,1 87, 4, 21. 229, 15. 22. 226, 8.

4ffi2·mssmdwu - Hm9 mw1ffl7wm8
4, 1. 3. 6,7 .11336,16. 4,17. . . ,11 50, 15 267, 23. 178, 24. 294, 9.
4, 4:1124, 231111 347, 5, 4,24. 11362 22. 21. 23. 225, 7. 229, 18.
mss·mssmmw‚w Mwmw426m1626:
492.η1ψ9421ωθωκ εῷψώῂηωμ,
4,6....II301,11.5,2... ..1136624 19.361,20.

426 22 . ,,Π239 8. 536 . . . .11384, 16. 2, 2621298, 26,-11242,

4210· ·Π3732 4·2165 ····111²5‚²9 171339211·
4,229 II 348, 19. 349, 9. 5,2.7 . .1134314.1,18:I1,9921.- 11252,
4,2-,224 ,Ι327, 26, 5,32. 32 , , 1322, 16. 211363, 29.
4,.22 22 . I.1,.2929 5,32, . , .11229 9. 2, 292142,2411115356,24
4,24. 122,2,411236 2 626 22 .11256, 9. 2,224133291111 119.
4,26....1327,25.6,22,22 ,.11393,22.1,.25 . 1,22 7.
5,2 ,.,,1133,23,6,22.23 , 11272 2623 ,1134426
5,8 , , . .11128, 11. 6, 222Π2,9,25ο,8.296, 19. 2, 8:154,11.15.16.18. 27.
5, 17: 1226, 9. - 11246, 6,12: 143‚11. 44,711 11 2, 9: 142, 2411Π 350, 24.
2911382, 2, 13. 250, 2211366, 26, 22. 362, 2, 2ο, ,1135ο, 25.
5,18: 11 2ο2,711386,26, 5.13.382,13.17.20. 2,12. . ,11239 25.
smm··Mfflqu wssms⁶2u M8.2
5, 21: *1 196, 27. 197, 2ο. 6, 24. ,1254 25. 2, 25· 139,23, 2611266, 26.
298, 8. 28625 27,-112ο7 5.
5, 22 . 11329, 7, 359, 2. 111114301 2,16: 1 228, 21. 133,14.

1125· · · ·112052 5· -11246681374 21.
·6,2,,,.Π395,22.2,23, ,1,,..432222829.118,.24

6,8 . . . ,11342,19. 2,5·9 . 128822228. ..1277221
6, 242 1296, 22,-1168, 2, 6-8 , ,11 86, 4.2,19. ,1 8, 9.
2. 10. 23, 2, 6.7 , . . 1284, 29. 3,1. 11 18011. 239, 25.

ama fflgffissgfffff2ffm6ffl3wffi
2, 3·5 . . ,11310,13. 2, 8· 1 264,’ 22. {85:4³3 {J 9. 26211235ζ611ἐέῗ 22
2,4,,..ΙΙ325,22. 362,23. 3,,9,,..1123324.
2,,23,.,.1197229. ,146,.,22632611234,5235,29.
¹1,7....I461221o11. .,1127326, 23.,·29265,,3113482ο,
118. . . . Ι 4317.2,10:11396,27.,..s97216 362, 22.

1,
1,
1,
1,
1,
1,

 

