72311171109 (Φλαύιος). Namenregister.

Ἰώσηπος (2179619471 1687 3311151515. 1232, 2154133,
29. 189, 10. 19. 191, 27.
192,11. 16. 193,4 26.
99999991499Λ919
- ΙΙ 62, 5. 86, 21 ΙΙ 392, 196, 23. 197,18. 25. 198,
¹0· 13· 14· 1991 24· 29·
291, 34. 292, 3. 8. 293,
1. 204, 7. 206, 5. 16. 23.
207,1o. 208, 3. 299, 19.
211,17. 212, 9. 213, 7.
214,14.23.27.28. 216,
13. 217, 5. 218, 6. 19. 18.
220, 2. 3. 6. 17. 22. 224,
6. 226,19. 228, 8. 229,
mmwffianffl
Καλλίμαχος (ὃ Κυρηναῖος)1, 16. 23514. 237,19. 238,
1Ἦ1932Λ999ψ
Καππαδόκαι .ΙΙ 9311. 14. 245, 2. 18. 246, 2. 5.
Κασταλία . .ΙΙ155,14. 28. 247, 18. 248, 6. 9.
Καφαρναούμ. 11364, 51 249, 12. 15. 27. 259,11.
Κέλσοςτ 1 51, 6. 52, 297 ἐξ. 2255312212.2ζὲ2ἑο2.1ιὲ151.
· 1 · 1 · 1

13. 256, 19. 19. 259. 7.
13. 25. 269, 20. 25. 261,

8. 20. 69, 24. 63, 13. 64,Ι 11. 262, 26. 266, 23. 267,
11. 65, 17. 66, 25. 67,1 29. 268,12.14. 279,17.
15. 21. 68, 9·19· 29. 6911 23.. 271, 1. 10. 15. 272,
19. 70‚19. 71, 9. 13. 291 8. 10. 273, 2. 19. 12. 16.
27416· 7· 2751 ¹7· ι9·
999999119199991

13. 97,1. 143, 24. 281, 29.
’719σή91 Ι 84, 6, 112, 9. 129, 4

5. 199, 25. 316, 2. 319, 9.

’1912931951 ΙΙ 319, 24. 314, 27.

*Κάβειροι . .11 9411.
Καϊανοί. . . 1213, 9.
Κάῖνι 1 46, 29 ΙΙ 93, 18. 315,

2-191Μωῃ

Κ15149άρεια . . 11 371, 1317

32·.15311253128315437 11

6. 10. 12. 13. 56, 1. 59,

92991191

Κέλσος. 445

10. 373, 2. 8. - 11 1, 3.
10. 2, 4. 6. 13. 3,1.11.
23. 26. 29. 5,12. 6, 9.
7, 20. 22. 8, 6. 39. 13,
29. 14, 9. 13· 18. 17, 7.
19,15. 21,14. 22,18. 23,
3· 2515· 12· 24· 29· 261
14. 16. 27,1.14. 28. 5.
12. 29, 13. 20. 34, 6. 23.
41699999
15. 26. 49, 6. 19. 41, 27.
9999991
9999991

, 19. 54,19. 55, 6.9. 29.

56, 1. 23. 26. 57, 5. 20.
9199499
10. 62, 8. 21. 28. 63,11.
14. 29. 65, 10.17. 21, 25.
66, 6. 67,16. 68, 3. 16.
wmh4w6½
2902948
22. 79, 5. 80, 6. 19. 27.
33. 81,14. 82,10.14.29.
9999966
ηηαῆῃωα
18. 91, 20. 29. 92, 24.
½428½st8Q
18.2o.27.28. 29. 97.17.
2449999
199, 4. 9. 11. 13. 15. 17.
19. 24. 192, 5. 8. 27.

84, 1321. 85, 8. 19. 29.
87, 7· 89, 1⁷· 9¹7 9· Ῑ5·
9999999
8. 30. 99, 20. 100, 4. ιοέ,
4. 196, 30. 107,1. 19,
1315. 109,15. 111, 39.
112,1o. 25. 113,12. 114.
11. 1151522. 118,19.
119,3. 6.12. 121,4, 123,
19. 125, 5. 126, 1. 7. 128,
2. 129, 25. 139, 7. 13.
131,18.25. 133, 12. 23.
0m1m19ffl
25· 139,28. ¹4⁰›29· 14¹1
15. 19, 23. 39. 143, 11.
27. 14417· 15· 1471 5· 9·
148, 6. 19. 29. 149, 6.
151, 4. 18. 153, 10. 12.
154, 8. 155,15. 20. 26.
156,16. 29. 157,14.18.
158, 26. 30. 159, 3. 811.
20. 169,1. 11. 21. 161, 4.
7. 26. 162, 2. 163, 26.
164,11.23.25. 165,8.
29. 23. 166, 23. 167, 9,
168,13. 169, 6.19. 13.
1711 15· 30· 17212· 1731
20· 29· 1751 5· 176159·
19. 28. 177, 12. 26. 179,

17. 278, 8. 15. 280‚13.1 193, 2.6.9.12. 104, 4.
29. 281, 5. 25. 282,1.28. 105, 7. 29. 196, 25. 107,
32. 284,1.15. 285,16. 29. 26. 198, 9. 24. 109,
27. 286, 7. 19. 287, 1.= 13. 18. 119,1.19. 114,
288,18.21.22. 299,11. 9. 115, 26. 116,1. 118,
291, 6. 18. 294,13. 297, 16. 26. 119, 19. 121, 28.
2ο. 29. 299, 3. 24. 26. 122,18.123,1.3.14. 125,
Μ99941994Λ919Μ29.
4. 12. 18. 25. 306, 15. 14. 131,27.132,11. 133,
307,2. 8. 17. 308, 8. 311, 619. 135, ¹2·²4· 136,
10m1m6m.mmffiw2ww
3·13·23· 320,219. 321, 138,1. 27. 31. 139, 20.
23. 322, 5.6.11. 323,26. 26. 141‚4. 29. 143, 3.
324, 13. 18. 28. 325, 16. 145, ¹⁰·23· 146, 8. 149,
20. 30. 326, 3. 21. 328, 17.22. 32. 151,6.15.29.

28. 329, 7. 19. 11.16.21.
110111123- 3321 14· 21·
33314· 3341 15· 32· 3351
16. 22. 336, 3. 337,1.18.
wmmffiww1
mffluwmwm
3451 7· 3461 Ῑ· ²6· 34715·
350112· 351121· 352124·
3531 9· ²⁰· 3541 Η· 35517
9· 351119· 35914· 7· 3661
22. 361,14. 15. 16. 29.
23· 27· 36215· 3631 12·
99991ψ9
²0· 37113· 22· 25· 3721

23. 26. 29. 32. 152, 8. 153,
2. 6.14. 154,12.16. 158,
25. 169, 9. 31. 162, 9. 24.
25. 33. 163, 6. 7. 11. 12.
164,17. 25. 165, 7. 167,
10. 168, 8. 11. 169,19.
170, 1. 12. 23. 26. 171,
Mmamuwffi
4· 7· 1761 11· 17· 17813·
179, 12. 182, 26. 39. 184,
21. 185, 18. 20. 26. 186,
13, 187,19. 188, 9. 26.
190,17.27. 191,17.22.
1921 ¹0· 193127· 194125·

 

