Ἰουδαία.

444

179, 20. 180, 1. 6. 9 Η
3ηηωοὲὼν
δὴθ) . . ,ΙΙ 381, 25.
Ἰουόαῖοςι 154, 30. 79· 16.
1910. 83, 16. 85,16. 33. 87,
fisswzwummw
13.16.11, 94 1. 15. 31.
1680020m‚
310. 21. 101, 5. 16. 102,
4. 106, 5. 30. 107, 1. 28.
108, 3. 13. 109,15. 111,
30. 118,11. 119, 5. 121,
4· 125·5·9· 126· 2· 7·
117, 20. 128, 3. 129, 16,
130, 7. 21. 131, 18. 22.
132· 5· 133· 12· 17· 23·
134· 23· 135· 4· 137· 16·
13815. 141,19.14. 143,
11· 147· 6· 15418· 155·
10. 156,16. 29. 157, 1. 9.
158, 30. 159, 4. 160,12.
161, 34. 163, 26. 166, 23.
168,13. 170, 4. 172, 2.
175· 5· 176· 5· 9· 10· 15·
18. 177, 7. 11. 16. 178,
1. 8. 179. 5. 11. 11. 3¹-
181, 5. 8. 17. 23. 182, 25.
189, 19. 192, 11. 194,10.

23. 195, 6. 10. 13. 33.
196, 23. 197,1.18.21.

1316. 198, 1. 6. 199, 6.
11. 16. 23. 29. 200, 8.
201, 7. 202, 3. 203, 5. 8.
1196, 10. 315, 22. - *11
27, 5. (Plur.) 1 51, 3. 66,
26. 67, 1. 5. 6. 1o. 12.
101518. 68, 1. 2. 5. 9.
14. 15. 17. 20. 70, 5. 11.
0600006
77, 11. *16. *19· 21. *22.
23. *15. 80,10. 82, 21.
87, 13. 15. 18. 23. 29. 30.
0100101
8.14. 100, 2. 8. 13. 16.
101,15.11. 101,10.14.
1031114. 104,10,12.
100, 3. 7. 108, 19. 13.
110, 13. 11. 111, 3. 13.
14. 114, 11. 126, 5. 9·¹²·
16.19. 117, 1.11. 13. 26.
128, 1. 17. 20. 129, 6.
131, 6. 24. 132, *2. 8. 11.
¹5·*¹8· 23· *133 27· 134·
11. 16. 1816. 135,1.18.
½0m00m6m
142, 12, 155, 8. 157, 14.
159,1.*14.19. 160,14.

15. 28. 16415, 163, 4. 262, 4. 10. 163,13.169,1 19. 27. *207, 871316, 18.
18.167,15.168,15.180, 1.15.19. 186,17 7 302,22. 329, 2. 332, 13. 338, 5.

Namenregister. Ἰωνᾶς.

, 1154, 11. *160, 4. 10. 816. 181,11. 19. 195, 70156041 1 104, 5. 11. 15.

26. 31. 199,12. 200,10. 138, 16. 17. 18. 139, 6.
11, 17. 18. 201, 20. 25. 14. 25. 27. 140, 1. 3. 6.
1103, 11.14. 20. 204, 2. 9. 141,13.15. 149, 8. 11.
5. 9. 14. 171314. 205, 186, 18. 187, 5731017.
12. 1106, 2. 13. 16. 107, 315, 1. 5. 7. 9. 356, 5. 6.
29. 131, 108, *1. 5. 1109, (Ἰούδας τις Γαλιλαῖος) 1
21. 210, 20. 211, 6. 212, 108, 11.

20· 225· 28· 229· 12· 274· ἰουδήθι 11 316, 22. 327,18.
7· *¹¹·*¹5· 27· 275· 3· 7· 318,17,- vgl. Ἰουδαία.
14· 19· 276· 25· 261· 30· 'laudm 1 72, 32. 93,19. 98,
232· 1· 239·15·*19· *290· 26. 303, 30. 304,6.11.
8stwa0mnu-9m4—nffiam
27. 292, 4· 10· *17 *293· 16. 159,15. 261, 15 7 304,

4. 12. 294, 5111319.

6. 337, 11.

33· 296· 9· *¹4· ²9⁷¹ ²⁰· θεὸς 'laudm Ι 42· 20 ἶ

1300, 4. 33. 1301, 1. 302,
zmanffimm.
4. 7. 26. 305, 1.11. 306,
4. *6. *8. *9. 14. *20.
00728000
26. 311, 18. 3131. 314,
0m9000m0
10· 22· 23· *322 5· *3231
ώωωᾙηᾈὼ

001Μ11Ἢ4

141ωὼωω
lmu-

ΓᾙΜωφμωη
’11ομ907273.. . .11 51, 14.
7704101771 Ι 18, 13771, 31.

88,15,18. 18014. 304,

n—wawwss
388, 13. 32.

4, 361, 18, - 11 1¹ 5, loquantum127.20.(Plur.)

Ἇω47ψηᾈ

l 129, 26. 130, 16.

13, ,0, ῃ, 29⁸ 31· 17, 3¹ 'ltauaz Ι 57, 28.*178, 13.
5. 27. *8, 11. 14. 17. 22. Ἰωάννης (878011210227'47: Ι

*9, 1. 5. 10. 11. 13. 19.
116, 1. 14. 19. 22. 23. *27,
2. 12. 13. 14. 16. *18, 13.
&mstw4ffi80
Qwfflwffissm
19. 10. 11. 145, 18. 15.
*46 26· 30· *47· 3· 13·
16. 18.11.15. 151,10.

151, 11. 15. 17. 153, 15,

*φ’ 24· *927 1¹ 96! 31'
32· 33- 97· 1· 99· 27· 100·
8.131,11. 136,18.- 11
1w2mffiffimn
13. (Jiinger und Evange-
fflssaffssffim
10. 113,15. 128, 10. 145,
28. 168,1. 186, 3. 191,
1. 6. 8. 195, 1. 168, 9. -

21. 154, 101119. 155,
Ξ·.ῗ1·..ῗ5ἓ’.ῗ”1ξ5ἱ’·7,· ἓξ
12.16. 11, 14. 164, 9. 16. 134, 11 ΙΙ 313, 11. 316, 5.
ffi0ffimssfflm,wwwwsmm
86, 20. *89, 20. 21. 13. 28. 41οῦ τῆς βροντῆς
25. 191, 15. 193, 14. 95, υἱοῦ Ἰ.) Ι 38, 14. (ἐντῷ
5. *11. 197,15.11. 199,, κατὰ Ἰωάννην) 1 102,
200902010w0mam1
27. 140, 20. 1149, 30.! 28. (ἐν τῷ κατὰ Ἰω-
1151,15, 30. 34. 1151, 34 ‹12qu εὐαγγελίῳ) 11129,
wwswnmmvnww6

156. 22. 159, 1. 160,17.'105{8: 128, 28 77 307, 23. -
11. *169,11.ἷ6. *17ο,16. 1 114, 2. 3. 7. 10. 125,
700700w638m90m48
stfflm0wmffl2ffi8Q6wfflw6
13. 16. 18. 21. 26. 209, (1.) 10.16.23.

21. 214, 4. 13, 144, 12. Ἰωβηλαῖος. . ΙΙ 373, 20.
146, 9. 257, 5. 261,7.16. Ἰωνᾶςι 11 *103, 19. 1106,

0000044
76· 10· 21· 77· 1· 93· 24
148, 16. 149, 7. 185, 11.

 

