Ι. 816116126312162.

11162 1621222621.

12, 2. *1162 26. 232, , Ι.46, 22. 23.
2, 2 3. ,11*222, 3. 232, ’244440 4, 26, ,,11352 14.
1·25 ,,,41942324,11222472326522.. ,,136721,
2,2, ., *Π622427136623 3672252 11226,,,222224.
2, 2. 7. 262125 272 1328, 368922 26 *1163 5 , ,11 58, 22. 27.
6.23 4 4 222 25 643.,.,11288,36.
115. 11236 2642 88.. ,,1322 23464. Ι,365, 9.
1 22 .,,.1122623 2,8,13117. 11265 28 6,-75 1,1,22826
2, 22 Π222, 9224387264 *226 32. 46, ⁶⁷11 *11 1241917129 227
773272' ’ ,4114464 1}·7279=9 Ι322,9,- 1441444424 448 ,*’132245444ῐ 224
2, 3-31. *11236, 26,Ι *263 26. 265 ,27. 266 ,377 6, 24 ,15,32 1.
2,3 3-5. .,11226 26. 369, 24, 376, 26, 46425 .I314, 13. 18.
232622 2425 Π356428, 2, 262721*366,25, 356,.2 6416. .,1314 20.
1,:3 2363258 27328217 ,11 98 22 629 26 , 1,325, 2,
24- 11 222, 10. 2477 2, 22 221*366,25,,,3ο822 7, 28.. ,13561 .
2,355,6 8?1{.21I4·.19 23. 31: 2,32(491132-2,16.1-27I111⁵9,9. 4 {3' 8314,15I.}7}74 24
*11 222, 32. 3, Ι,1223, 27 7, 68, ,*,.13243 26.
7381777¹}ssss{77130626177227231367 4*33,44 44.
1,6·.8 11182123514 1193228822 , .,1315 6.
246. ,1236,.4325827.,,35 ,11282 84258.. ,13562
247,8,,,11 616361..1.1392,11.,.817 ..*II169,14
1„7....I328,.736..7 ,1,,,128932928, .I3501.
2 9 1258 27. 328, 15. 2644361366 26 11289 ,26. 9, 17. 1,*1269, 14.
113562215. 3, 821123,4 29 4332 15. 9, 20. 21 . 11392, 27.

1,11: 1258, 27. 328, 26. - 26. 359, 3. 9, 22. 23. ,11 392, 18.

11249, 224356, 22. 17. 391124, ,1356 2, 9.25-,27 ,11,259 25.

. 1,12 , , 1328 27 39. ,11332 6Ι 22, 1-9: 129626 292 2,

11416. ..1135218.3,15. .1198,31.11,12 ,ΙΙ 3ο, 23.
1,14. ,1258 27. 3, 16. 136, 244323, 24. 11, 2: 1131, 19. 21. 32, 8,
2426...,1328,.,2.83271323,.23- -11279, 23,,.343
2, 20: 1158, 2714113364 23. 22, 26, 27. 286,4, 11, 3. ,1,132 216.
1.21... .,1328 8.,.318 Π27926 224127323 Π,,325.
2 24 1258,274Π3364 23. 3, 19: 11179, 2877363, 2. 22 ,5-9. .11 36,2 26.
1,.25 .I,32810. 321 . ,1323 26.1,1 5 7 . 12,82 25.
226271236263672132224 11975 26326 2279 ,1296 23.
354,1.,.-635619 -,11*63 165, 27. 1063. 12, 1. . . ,1 6,11.
5. 126,.28*222 ,1.5 184,.3 3, 22: 11369, 24. 370, 10. 12, 2. 3. ,*11 994 12.
*212, 17. *22664 364 22. 3, 23. ,1 46, 24. 22, 7. 1288 26 -Π74, 15.
2, 261 Ι,.2364 258, 27. 299, 3, 242 133 22 2311323 54423 2. *1326 11.
3.7.8.,-9 -1128,2,.3 -II,.,1034121*2..,.5155 1126,22.*9,912.
42, 24 24,261,14,15,15 · 11627·
1, 27. 123, 377 328 13- 4, 5. .,11392 15.16,10 . .*11169,14.
*11126 30.133,6.10-. 468.. ,1356, 2.1,6, 14 . ,1326 19.
13. 15. 234,2. 2169. 11. 4, 8: 1*325 28,- -1163, 914 17, 2·.8 *.11169, 14.
¹·›31 ,122427 392,14 17,5....11354,6.

 

