11. Namenregister.

*44774733 (ὃ 113133ξὲρὲ30913
1184133663 11 ’.3338
’4478413 146, 3911335, 29. —
1163, 9 3311333, 33
4437αᾶ743 16, 33. 34, 37. 31.
33, 331133 3 31 33. 3.
1141 11111ἑὲ1311·
305, 22. 315, 27. -11 10,
10 49, 6. 53, 14. 74, 35
348 33 363, 1411354 6
03, 33.
8431131447874441731 43, 20 11
1149 8. (11183413 4478744174)
178. 88· 30· 303 33
4411734174. .11354, 6
Ἀγαμέμνων.. 11387, 33,
1477441433.. ,11 383, 22.
44341743 193, 3.8 313.16.17.
18.24-11105,33. 179,
22. 180, 5201, 3511353

44δέ4413633 163, 8. *838 4·
11337, 36.
3464634313 143,301’74 5

753 76,7.-1-1*50,6 4117343033 1361, 3311655 35

7. 30335.
Ἀδωναῖο13311*44,5,3*48,.6
*5ο, 10. 102, 21. 25.

Aga αζήλ. ,11 333, 25.
14537134.3138,36 111184,

418173ᾶ31 75 35. 367, 33.
-113313 3,34. *43,
36. *3333 *.383, 34. 33.
2.836 10. 12. 15. 18.
14487371 . 11383, 4.

4487341133 1338,1.36- 1133,
.1-11 A112327747701) 1227, ¹·3

4487347033 1121 ,.29(P1111)1
57, 26. 338, 16 358, 36.

· 227, 35. 377, 25. *306, 37.

41810473 11* 42, 611 370, 30.

35 179.l12.123 11 11343 111441744410: 12121718. -6- 1
41, 51111111 13111,1 S68⁹, 11314414ξανδρεῖ3. 1341, 19

,73, 14. 17. 25. 73, *24. 25. Ἀλέξανδρος 1131 Μα34364131τ

33 73, 19. 74, *30. 39, 11 54 30 34 (801401047

79 39 95, 11. 32. *333, 1337, 34.- 11 33, 14.
7. 173, 33. 375, 9. 11. 4414331644 . .1291,'1.

*306, 36. 18. 20. 24 307, *441ωεύ3 1290,18.2o.24.
11. 12. 15.7 17 *33.*34 44743133138331111336 19.
:A *13115,11151,1131111*416,1ἓ1, 1474171171101414131331 13, 5. 34, 5.
3833..,.34*3383 333, 3336. 36, 3411515.
13. 15. 333, 13. 334, 20. 203, 3. 273,2.-· -11 3,3.
343, 7. 9. 33. 383, 27. 70,2. 153, 1. 393, 36 11
1131413451141391471413111311.4441741311111314..1111111
32317. 362,7. 366,8.- *A71710221136,22.39,14.
11313, 3372631439291221 {A 3461,μέ 345 19. 158,
1113,*141,13(1.151131341 6*51,114101111153113111 1 111 1 111
11. *53 33. *53, 23. *,55 *A714110412041 1330 37 231,
30 7439330 *3,,3333 14.- -1138,5 19.

353, 35, 29. 210,17. 18. 4474743434013373 189, 10. -
*A719310704: 1330 3411351

1 318, 28.

335, 20. 369 20 274 23
*,275 30. 286,19.

79 28 81‚.7 89 23 26. *4474171033 . . I,121 6.
*3,3 *3,.396 173, 33, 375, 3’47110'4.. .1,1314 27.
18. *378, 34. 395, 37. 390, 4434431333 1 381, 36111184
5. *306, 17. 18. 25. *207, 3011337, 20.

14. 19. 24. 27. *308, 35. Ἀναξαγόραςι 1347, 33,-
21. 25. 27. 22, 5. 21. 11187, 16.
’,303 3, 5. 303, 3. 312, *A2033277042 11203, 15. 204,
27. 316,.3 319,12. *3,30 17. 19. 21. 206, 9.
11.15.323,15.18.337,A2641304...A113,17.
33. 372, 1. - 11 39, 37. 4443344311 303, 6 11 3ο7,8.
63 ,7 *63, 33. 39. *66, 10. 326, 14. 328, 15. 332, 5.
3613, 6ν11 338, 18. 3705. 337, 14.

177 4473336311 320, 17. 4433130333 1 333, 4. 5. 13.
1480 24. 83313· 15 834.
1Ρ1433,111*371,3. *41,8. 19-1166101422717
28. *43, 2. 4. 11 14. 17. *4433441337 . .1 89, 20.
108, 3811373 4. Ἀντιόχεια . .11244, 30.

-11* 349, 39, 399, 38 21. 44170413313311 303, 35. 26. 44331070331 20, 24. 21, 8.

*Αἰακόμ
34171371.

,1 333, 6. 41331433.

,1 93, 13. 11. 33, 38 33 391305 33

,11 93, 8. *44337νᾶ3143. 1330, 27. 44334081373.. 11359, 8.
4171334033 11103, 18. 176, 443343734νί33.. 1333, 15. Ἀντιφῶν.

.,1394 33.

 

