Διογένης.

Διογένης· Ι 165, 4.6.- ‘114642164 13, 79, 3, 80,

fimo

Διομήδης , ,11187,13.

*Διονύσιος 41060128441-‘11117v:1 121,5. 234,1.

γύπτιος). ,ΙΙ 109, 24,
Διόνυσοςι Ι*218,11.*219,
21. *238,9. 10. 286,12,
- *ΙΙ 37, 3. 41, 9. 11.
14. 29. 42, 1. 16. 255, 6.
25,6 13, 22.
*Διόοκὲυροι , 1218, 10,
219,
Δοσιθεη 1οΙ ,ΙΙ 81, 26.
Δοσίθεος (ὃ Σαμαρεῦςᾙ
108,26.-118117.
*Δ41Ι81ς,. ,Ι 68 21.
*Δωδωνίδεςε Π154,18. 158,
25, 160, 2.

917960μὴ301101 Ι 86, 2.Ι
’istem . ,1,12619.1
731020101111261 (01
611101)1165,,7 (α’μφό-

wod.. Ι,Ι 68, 13(
τὸ Εβραϊκόνι ΙΙ 52, 25. 95,

11. 24( 332 3. (1111411
‘11789688082 128, 19. (Ρ111,(Ι
68, 24. 72, 6 75, 2, 195,
16. 200, 2. 27. 206, 24.
207, 4. 8. 11. 14, 18. 26.
*311 209. 1· 30114· 304
2832. 305, 6. 9. 10. 306,
1832021763282-11
131. 14, ’1131153ἰὲ1
5. 102, 20. 115, 8. 121, 16.
208, 23. 286,19. 326, 23.
m4mmmnw
366m1mss
Ἐκραιητοί. 11 68,13.
ἘΞεκΙαςι 1132616 328,16.
ΕκᾶἒτῚαῖΙΞ (8880170
901641· Ι
‘88817891‘1 61,13.— 11
73119431, ηῗιιαστὴςε Ι 19, 23
11 104, 16. 201, 2( 306,
27. 352, 20.

Ἐλεάζαρος ¹¹⁹ 1⁶ Ξὲζ ἔξ ..¹6.-³⁶⁶. ³.⁴‘.11 ³⁶⁷ ⁵

*Ελένη ,

, 124, 16, 18. 135, 21. 149,

Namenregister. Ζεῦξις,

441

322, 29.- -ΙΙ 5,.220 113,
mm‚wwffim.
'1481070881 . ,Ι 92, 20.
ῘΕπΙδουρος. 1205, 10,
Ἐπικούρειοςι 160, 25. 61,4 4.

634. 93.11. 182, 29.
231,19. 246, 5. 271, 3

9-169481
Ιμψωηωπ j,

307, 3.- -ΙΙ 210, 1518.
‹MM6.9mm
58,14,59,1.63,15, 66,
3067, 29. 68, 11. 714
*10 73,13.17.19. *741 47714101, 1113361281
8 762 78,.5 80,21, 30. 344,.22 357,10.—
8313, 84, 9, 13, 87, 17. 113, 22. 110, 8. 213, 20.
88 2089136906 27, (Ρ1111,) (161, 7. 66 7.
91, 23. 92, 16. 110,1.13. 722. 142,,7 156,.9 (266,
21. 23. 113, 28. 121, 5 21.) 271,10.- 1165, 1.
Ἐπίκοοροςε Ι 60, 26 63,

4..22 151, 23. 160,14. 13. 64, 25. 72, 11. 74,15.

161,19 22. 164. 31. 32( 23. 266, 20. 271, 13 284,

168, 7. 179, 12. 23. 199, 21. -113, 22. 51, 19.

7 2012025 211, 30. 52, 1 9 25.

1541291

212, 10. 218, 12. 219, 2. 213, 7, 12. 215, 21. 260, .

Ἰ220, 14. 23.25.231,20.16.

21. 234, 20. 27. 235, 26. ’8161171091 Ι250,6,- 11
237, 12. 243, 13. 29. 245, 71, 18.* 203, 20. *204, 22.
2,5 248, 25, 250, 7. 25, Εποψ (Schrift des Nume-
6. 268, 24. 271, 3. 26. nius) . .Ι 324, 22.
276, 20. 281, 5,.*15 286, Ἐρ 0811039, ,11 100, 19.
15. 289, 28. 290, 2. 299, Ἔραστος . ,ΙΙ 82, 30.
21. 300, 26 301, 8. 310, J'Emfllov . 11274 429.
24. 3131. 31511, 22,Ερέννιοςε,ΦΙλο11,
318,5. 17. 321, 4. 323, Ἐριχθόνιος.. 11283 3.
29. 324,15. 28. 329, 5. Ἑρμῆς· 1176, 1. 198, 16.
m96w6m9fflm- 9999’
362,2. 117817 20 29. 34. 151, 10. (Ερ-
9,24.16,15119 μεας)1178 24 8230
60, 6 13. 1170. 6. 11. *72, (Ερμιιιπος. ,Ι 67, 27.
6. *74, 6. *76, 27. 78, 8. *Ἐρού . Ι,Ι 274, 29.
*82,20. *84,11. 86,23.‘'E9w4.. ,Ι,311 15.
91, 17. 936. 98, 27 104, 71067'9:11326,2o.328, 17.
26. 106, 27, *108, 4, 10. 331, 23. 25. 337, 17.

16. 113,6. 118, 26. 124, *¹11'0u'oe. ,ΙΙ 108, 7,
23. 129, 9. *141, 8. *151, Ἐτεοκλῆς, Ι 92,18,
10. 155, 1. 156, 23. 157, Εὔας 193, 18((1132 2.
88818216.21385,2548 11859ΞΙ,Ε1κ41319112Ι61;9)>*1 160,12, -
19313, 2οο,4. 204, 20. ΙΙ 15,7 32.187,14
205, 1. 208, 11. 12. 13. 81999697. .1 73, 21.
17. 209,18 2161620, *Ευρώπηι 11288,15, 290,
211, 11. 219, 3, 225, 20. 11.
2491281252120·2601ῐ51Εὗφθθμθθς1Ῑῖ 78,10,
261, 26. 262,1, 3. 282, (Εὐφροτηςι 1199, 1. ((0)
24. 284, 28. *288, 16. *290, πάνυ). ,ΙΙ 110, 8.
Ἐφέσιοιι 1217,11(11 310,

Ήωώ 99191

1911111101οΙΙ ,ΙΙ 65, 16 Ἐλιοαῖος. ΙΙ 102, 21. 26.

1‘'1111904..

Ἐλευσίνια ,
*Ελευοίνιοιε 167,19. 68, 8,
Ἐ’λιάζαρ..
Ελισσοιῖοςι 1 181,11.30.

182,.-4 11 261, 20. 22.1Εξοι409; Ι 7, 31 Ι( 320, 161 Ζεῦξις .

Ι,Ι 52,21.’va'7:1158,10.1517.

,ΙΙ 65, 16, Ἐμμ 0110οὴ1, .Ι204, 11.
,11 93, 7. Ἐ μπεδοκλῆις 184, 20,- Ζάλευκος,

.,1264 1.
11192,2,*268,11. Ζᾶμο1ξ1411*178,12,*173,
10. *230, 26. 250, 5
Ζαχαρίαςε 1196,9((331, 12.
,11235, 13.

5919·

 

