450 Χριστιανός.

7.11. 209, 3. 8. 12.*21.
*24 25. 220, 8. *23. 19.
31. 222, 23. 213,12. 216,
14 226, 5. 233, 17. 234, 8.

239, 25· 240, 9· 12· 247,
2. 5. 22. 249, 12. 250, 2 .

253, 17. 265, 26. 267, ἒ.
18. 268,11. 13. 270, 5.
272, 14. 274, 9. *11. *16.

²7· 275,14. 277, 23· 279,
3. 282, 1. 289, 16. *23.

Namenregister.

17. 24. ¹*191, 1. 195,18.
199, 22. 29. 208,14.16.
21. 27. 214, 4. 23. 216,

Ῑ5· 2¹9· 1⁶· 233, 2· 235,
ammmw&
252, 1²· 14· 19· 253, 3·
22. 257, 21. 258, 21. 24.
25. 259, 2. 3. 20. 262, 6.
12. 16. 263, 13. 266, 11.
14 26, 267, 6. 7. 8. 269,
25. 278, 8. 9. 285, 21. 286,

Ξ90, 8. 291, 18. 292, 22. 10. 291,21.292, 15.
2{?·2,.²2⁹,³.’3⁵1.¹²2·9⁶.²3.⁴’181 '‘8501251631355: ,52ξίῑέ

mmmfflmms
3⁰²1 ²4· 304, 5· 3⁰61 9·
307‚1.18. *308, 27. 312,
25. 319, 30. *320, 22. 23.
wfflmamffl

mwuwwww

mmnffimmm
wmmwmm
ffi-me486

¹0· ⁷14· 82 Ῐ3· *1⁵58· 2ῐ2
28. 23, 10. ¹638, 11. 19. *43,
mmmmm&
552 ²· *5⁶129· *571 18·
*59, 6. 62, 22. 64,11. 63,
4. 5. 67, 17. ⁵68, 20. 2
28⁷8f23⁸2⁰x 2191:
mmwwwm
umssfflffiM·
{80²¹} ²⁵1⁵*⁹832³· ἑ· ῗὲ·
*203ζ 10.*104, 8.’ 1097.

8. 9. 12. 19. 21. 23. 134,
14· Ῑ37, ¹· 25· ῐ53, 3·

134, 10. 256, 23. 22. 260,
2 . 168, 2. *177, 1. 8. 23.

28.*187,20.*189,6.*190,

25, 18. 28, 9. 36, 16. 26.

37, 17. 39,10.16.21.23.
mwaawwss
53, 25· 54, 33· 55, ¹5· 57,
16. 88, 14. 89, 28. 96, 24.
97, 3. 6. 200, 2. 24 26.
101,7. 24. 102, 17. 19. 22.

Ὠσηὲ.

mmssssmzm
11. 205, 33. 229, 28. 146,
12. 150, 9. 19. 27. 30.
¹8¹ ¹· ²·.¹⁵⁴’2·.2¹⁵218·
{1215 211263529. 29. 272,
wwwwnm
mmwmstm
mmwffimm
NJffl2m0m0
310,1. 325, 16. 25. 322,
23. 27. 327, 26. 328, 5.
namnam-0106
mffim2mn
3⁵¹1 ¹⁰· 3⁵²1 17· 3532 Ῐ·
m6maew2m
4 10. 360, 23. 25. 28.
mmmnmm
m1mammffl‚
zwhsmmmss·
25. (Plur.) II 150, 22. 28.

24, 25. 104, 19· ¹07. 3. 4. Χριστὸς Ἰησοῦςι 143,11 47

208, 1. 27. 116, 6. 13. 18. 274, 20. - 11 153,16. 173,
220, 23. 127,1. 128, 27. 17. 243 14 77 334, 28.

129, 1. *¹33. 26. 134, 6. 19102848’130024:1 109,1.
143, 25. 26. 144, 2. 257, Χρυσηῒς. . ,Π 258, 16.
7. 262, 23. 28. 32. 263, 5. Χρύσης . 11158,14.18.
7. 164, 5. 268, 3. 269, 20. Χρύσιπποςι 191, 22. 227,
171,2. 172,11. 23. 14. 16. 242, 8. 22. 334, 22.-
173, 16. 176, 3. 10. 187, ΙΙ 265, 6. 266, 28. (ὁ Σο-
25. 299, 16. 200, 23. 201, λεύς) I 321, 5. - 11 60, 9.
19. 202, 2, 7. 203, 7. *12.
204, 6. 206, 11. *21. 213,
21. 218, 4. 225, 32. 227,
&wammw
{1²}1{2⁶·2⁸2·.¹⁰; ¹21· 88⁶⁶

Ψαλμοίι 126, 23. 322, 30.

. . Π 222, 27.
. 1 73, 26. 21.

29. 278, 5. 26. 279, 2,29. Ὡραῖοςι 11 202, 29. 102,
280, 25. 289,16. 297,17. 1. 29,Ι

27. 323,17.23.- 111, *Ὦρος . . .H111, 22.
12000n4m8wfim··1w‚1

 

