410 Ruth 2, 12. stellantegister.1>snlmen 43, 15.

3445, 4‚40. . . .11369, 15. 21,.8 ,118,14.
5,,.,.14,,.,117042116 ,11261,16.
2,12 ,,,1368 3.6,.6.,11242 2, 21, 23. ,1133328
7,17.,.,11242,2,,238.(.11221,13.
8, 8..1...:11sw112310... 0,2.
'smum ¹2442,⁷2 124,1.2, ,1131116
1,911. , . ,1132614 9,11. ,,11162 20. (24.1. ,ΙΙ319, 6.
1, 9-11 . . .11307, 9. 19,18. ,1236, 18. 25..2 1127229111383, 23,
1, 16. 111 11 367, 18. 332, 5. 26111.. ,11326,16.,25,45. 466,6.
1,·,1113 ,,11363 6 2618 113371512613 1.23,8.15.
111...,Π36722 2124 1131427 261 117,,3324316.
11926 . ,11337,13. 22,2, , 1,1,314 271126 3; 123,2,21Π243 18.
2,12,,.,11242, 12,-(21113.18.19(11,.13162321,.3 ,11462,.29
2 2224 34. 11381 6 23 311.. 11316 2329 1 ,ΙΙ,333 21,
2, 25: 116, 22111376, 26. 23, 4·.25 ,11 314, 27 12,9 2, ,1,1333 18.
281·11 11111. 211282 1
9,1·2o... 188,17. 'mmm 31,5..,.1237,13,
9,2ο.,,.188,4. 125 . ,,Ι29711.
16, 21 , ,,11242 1. 6,.49 .11 47, 20. 32, 911136,(9.-11136, 20.
12, 16. 17111329 13. 24 16, 22 ,Π 136, 23· 32,17. .11327,14.
12,18 . 1,,1329 18 16, 26 ... 128 81334. ,,11,33316
25,17. ,11242,1,16,46,.11 47, 19. 33, 81 11116, 13, 236,4.
25, 29 .1 9,.13 211. .,1341 18.1 231, 29,
21, 29. ,11 47,19.33,11-15.1112515.
11 samm 28, 18. ,11 47,20.33, 13. ,1112323
3315. ,11125,20.
3, 24. . . .112421. 1101101111 3316. ,1 21,19.
5,1ο, , ,, 1156, 2 33, 261 146(,3111176,161
7,4·17. .,.1140213 1,.1611 , .Ι,.24625 383,7.,.39313
7,.,((,825271156(,126,,,1619 ,1,,14726358 1,3683.
7,(16.,..11242,1.,.322526.1.1384,.,63516,,.1173,.8
7,1,.4....113536 36,.8 ,1342,.2
7, 18 22 . ,11462 1311441441, 36, 9 , . . . 1118224.
22,44.45..1200,14, 3611 ...11180‚26.

24,1.,.,1341,17,1,21,1254,211113852736,14.1138411.
23,..,ΙΙ,.276936,22 ,.,ΙΙ186,27.

18111· 18888Ἣ18818 881 1818
112118· 1 · 12461211...1111211211218110 ...11 2621.
16,1..,,Ι241,1,5,4. ..,11,323113634 ..,11186,31.
16,-.241241362.. .1,,341137,2, 134114
181-·11 121118111111111111118111118
12, 11. 14. ..1206 28. 7,4-16 11113113. 251, 8 31 6.7. ,ΙΙ462, 25.
13,1-.31131625(7,16 .11317,16.3,714.15.1 9,19.
13,12 . 11162, 83. .I.1324,22 38.,6 .,11201 4
14,1-.18.1,,88518914151116326147261388Ι46,(41111398,26.
17.18. 11336 2. 9,.15 .,11105 ,231 25.399,14
179....1170 61241118436.185, 4.3,.89 ,,1146224.
17,11·16. ,1,176 9.,.1133 ,,113241139,7,1(1266,(221381,1.
17,2..122 1181936154 ΙΙ 56121412 154
18,21.,,1 1816159161184922916413,,,,
22,.19 ,11283,,,221516. 126415 414,..,

16 ,,,,, 11363,,8(,415.,,.

:·· *9 m υι
,ps-osteo? ἴω

11111176 1681····Ι1ο8 3.(4116..
117,1.2. 1188,Ϊ;;.2251417 ,

1,3,.·,....18891736.. ,,.113828141,11,,.,
1,16,.,,11241,2,91182. . .,.1,1113244112
4,8-.17112612618,.5 1114 26 264 13 43 1417
42125404211242 2.18,.9 1118429185 314314.
4,.343511181,163619,,.811327134315

υ-4
2⁴8⁸
¹:1¹9

ῠ-ίῠ-ΩΜΙ-(Ηωῆῠ-ἰυ-ήῌ
m

909000-92—:1
-Ριε-’.Φοςθτ- r· τ-ῬῊᾺ-

n—-t--q
·-οσ-ι--κ

 

