4444.

(54444 1721122821 11309, 2

1272 22474167024Ι 11345,
5 (6222769222 2211 τοῦ

2122262 6742202977) 11
202,13 (01947 2221 noo·

01421027 11 401,14 169·
412912.. ,6209692126121
τον 8202 11 242, 27 (
ἐν 2014 260772112141 11
403, 2 121964 82621 1240,
22. 11153 ,91Μ110696214
11 2865631222126022014
11 395, 25, 28. 2ο. 2811.
’,μετ’ 6222102224 2012 421·
71212 2221 ἀνατάσεως 2212
’698211μ621 11 396, 21
(κλίμα, 2140670922 6211
11 3051625, 400,21.
49¹. 4 222167416704212
47411 300, 24111679(
274 211774) 1129912811116-

80188ῐ181111181111
311.(222’221212119,3””’

295121620277221221111
391 51221721 11 395 Ι5
10. 22 ·20710212790411

37, 4 112964 262 129νέ-
92 111 302, 20 (262204

τῆ 011721 11395 ¹⁶ 24
397, 1911, 400, 18 81262021

3= 1221121274 227274 260·
02412411114011011. 12621-
ξο1071211402,14 12211
215111 (1.1, 181·
6.”2’12’17”σ(4’σὺν 62ξο2 291712

820622912122.

(221 22112· 61222 5944va-
555555'5’611'44144355539517555,
2012011 ’11·,1,2022101111261

315⁰*- 481

ζ72 (ζῶντιη 5445: 11

276, 4 (26 444445 8262 ἐι ·
πᾶσι) 11 292, 25 1274 2111-

110 11 201 31912150

21 (22964 τὸ 82102111 021 *11 264’, 8. ><
289111126 82102 264214 ζητεῖν (6178111221 11 283,
829222262121 11 199, 25, 8 22291 622026020411

(2171 8217 2162 61012 προσ·
ἄγειν 264 1221416241 545 4445
μονογενοῦς 02208111230,
23 25 (811911011711252712
122964 82621 1 257

394 33 1183 15 ’211

[5444 226211 11 277,2

11170064 7112297282( 2214
211· 1122112115
2201116 ’

1129612 (17219 2012 ἐν
27 2222916( 742012) 11292,
20 (222270212211 11 3031
··· ,7121711511
316,4,-1)25112122221151·2

41 334, 3 340, 2324 11101211.
6923 2111614111. 14.-‚24

uberliefern nicht (1056011101

4 2214214 1972280211,

211,11 (272 2282921162·
12222 72210121 11 46, 20
(11964 82201292 61227 21 *1Ι
286, 7 1772426221 1*1”1 186
21. 2992512112 82121 1

’111134610182621136520

146,1ο. 285,17.*193,
17 (ἐν 2014 671119 001] 11
2061161611021*1199,2’8
23 (τὸν 167024 11 46, 15
138, 16602)*11192,2
(122’21’9ο(18112116,27ζ 290,
33, 269, ¹4.-45 ζ721061
72222162 27 1229261
212, 28 16291100696711
212, 4 360, 9 (2696(
8910022214 1 259,.9 -
2101211024 ζ72786222 περὶ
92102214 2222262 1 333,
19 ><

(30120650126221122221222 ζ72701421106,(4.110. 121,
5011126202) 11 340, 2511, · 2. 211 ,5 225, 30 11281,

8112210119 Gottes.

1 16 11 381, 26 1702601222

11346,12-353,13 2221 8910112262· *1 203,
11111222. 353,-,14356251 151222 νοο 2222229097

356 265 59,15

2222212 7929282) 1 206, 7,

11’1,,9,35 16363 22 ζ227 11012 4121211112 *11 122,

14¹, ·86318875519
V.‚ 3, 5 20-381‚ 22

(1116178227) 11 125, 25
’8774 298 71819 202129) 11

11 401, 22 261 2622610τῖ111.ο.”1111.3822339512.7 22512 (2211260221 1 21,

τον τοῦ 2916 1881111911·
716724 8222121082( ·

92102024 11 325, 411

(2962204 274 211474) 11
336, 6.- Plur. 1231, 7,
257, 17. 295, 12. 297, 10.,
11 51, 14. 252, 201 304,

1·811 24 3312183342
21234219. 3462. 361,
3 3⁶·² ²4· 891 287 899
22, 400, 26 2212271071
11 330,12 (6822212264

ἐφ 7912 26· 1276 10 11312, 17 (712222

12 29.313,15 26316,
*6181111111 ³44
οε’λ’212’7”4”2201’ 61229012 11
316 ,6.29111926602 1120,
15 (229672220142021η

1 149,31ο(41ζεο8211 13371
46. 339, 25 (1 11 312, 22.
313, 2, (οι 72014 20οέ
1123,6.- Plur. 11 23,

(151361

’64) 11 308. 23 (5544- 6720262212((2οΐ4229217μ20212
2142222121 11 197, 20. 21, 1186 18 (96021 6114262121, ζῷονι 11 322, 6161070211

249,14,261,23,11,291 20

114813.><

(μηδὲν 626212 212 ἅς 1 67814111262212211174112 2102Βί-

272, 9 717612’ 022 2012 bel).
8421224020( 5574&-
4222012221 01 ἐχ1ζ8921ζον“
12222121 11 226 26 22212 224 ..

(78921411 9427
7162190012176· 1221212261

2224012 62212080( 110 3118,
14264214 621μο224 2-

424 6217102224 2128219212]
2616861602 *11248, 28

Origenes 11.

11 372, 1811,

19171118,

2121211393.
11 ><

270, 18 (71111122112211911
17 (7211212181 97,5. 10
01119632 13 (211
029221711129,221021729
20411 31, 13 (622987201-
621 σώματι, 11 157,

1119014 ζ22741 1 38, 26161ἶ
1192129217 11 381, 21
12742128 012102 72474111
201, 3 12212 7242121 11

, 201, 20.- vg 21012104

62222οᾶ7212.><

103, 19. 225, 27 (1196-
711021 *1371 26 (80712262)
262,6. 279, 15, 294, 22.
325 2² 321, ¹9 114315
213,10 1626 26 107926 2
ζ98026674210197114126220
2222017222] 1 373, 5 (ζωον
11.1”1’1ἕ(’1,.’11”,7,8“

31

 

