Rssmer 8, 6. 7. Stellenregister. IKorinther 7, 5. 423

8, 6. 71 16, 21. 19, 18111 12, 6: 11 83, 29 ΙΙ 337, 10. 2, 5: 1114,7,19,-112,
239,18,24ο,13,21, 12,141 1123112316, 3. 9216, 2.
8, 71 11 173,25, 1741111312. . .11281, 6, 2,(18 , . , 121831,
382, 2. 13,1, , . ,11 188, 25. 2, 6. 8: 11 224, 6, 230, 16,
88 . . . 118812. 1118. . .11111.24. 2519115114- 19.
89 , 11189,2,196,12, 13‚8. . . ,11378 1. 2, 61165,26.134,13. 217,
8131 11 54, 8. 188, 28. 14,1. . . Ι 54, 34, 33. 6, 243, 22, 234, 14.-11
263, 311 328, 10. 14, 2: 1132ιὲ11366, 8. 34, 13. 79, 24. 345, 21.
8. 14111121111111. 26. 1111. 169. . 1121241282111-11
8, 14151116861111336, 13. 14,8. . . .11366, 29. 149,15.
8,1411368,21.-11139,14,9, · ‚1187‚21.23. 219 · · · ,11375‚ 7·
27,2ο2,7,225,1411389,1ο. 14,1ο . . .11378, 11. 2, ιο . Π88, 1411362, 4,
8, 1511108,11,-’11225, 14,15 , . ,11244 8. 2, 111130120111298, 9.
13.1511321,12.336,16. 14, 21 , . .11244, 7. 2,12,13 . ,1129813
8314671181ι 12. .11348, 11, 1ξζ1ἓι2ι. ,1111ἓί11.1;11.111[134111519Ξ1111
ψ1.η11111..411.11
8, 19211111418, 224, 21. 16,2ο , . . 1 34, 5, 2,1311317,21.-11163, 3.
8, 19. 20 . ,11 1411. 16, 25.2611131,1.233·,17. 2, 14,15111319,7. 389, 19.
8119. . . .11211, 1.16,27 ...1146134 2,14, . . .11141, 4,
8, 2ο.21119,111111215, 4. 2,16. 11 2, 10. 298, 1.
8, 20: 11 20136. 215, 2. 3,1,3 . . .11366‚ 1.
8, 21119, 13, 14,1 11 11 11161111161 3.1 ’. . . · Ῑ 8. 4,·
83111211113018432, 21, 1, 51 11 172, 26, 173811 3¹ ²¹ 3¹ ΙΙ88’111;641,’2”ΞΜ
82611129111121. 4. 1111 184, 2. 12 . . . . 124821.
13. 17. 21. 25. 1, 18ff.:1[*61,18.]243,12. 3,9 . 1486127319.
8, 271 11 391, 23.317, 16. 1,181 1 120, 22. 137, 4, 3,11 . . . . 1 33, 26.
336, ¹9· '¹' Π Ι151 ¹3· 31 ¹2· ¹3 · · Π ¹¹51 3·
8, 28. . . .11393, 2, 1, 2ο, . .1243, 18. 22, 3, 121111,21.33,2611283,
82939 . ,11 316, 2ο, 1, 21116812, 243, 28, - 6.22,295,7.-1116,11.
8,29: 113931934819, , 1117,15.147, 13. 14ο,4,8. 212,11. 236, 31.
1419. 121. . . . 1 6122. 1. 11. 1111 - 128111.
832 . , . ,11258 8. 1, 24: 1 66, 20. 120,22. 3,16.17111173,16.236,19.
81111. . . 1 11. 1. 1114. 22119. 11124. 1. 1621296.1.-11114,1ο-
811- · - 111215. -111111111221.1.1121296.4111184.21.
,36, . . . 129812. 3. 228,1.231,1.233,12. 3,18;1[*61,18.]65,*18.2ο.
,371 133, 1811113101, 22. 292, 24 ΙΙ 364, 23. 24. 66, 2.
8, 38. 1331121, 1, 26-29, . . 1244, 9. 3,191165,*18.2ο.23.-11
,391115 18ss 52, 32. 53, 1, 2611244,17.-11 85, 4. 82, 13.-118319. 84, 23.
2112123214, 12. 21o‚2. 175,1ο.
18 ....111.29-1.21·29...1114.11.22....11111.11
,11, . . .11369, 26, 1, 27. 28 . .11199,12. 4,9; 117,21111377, 11.
9,12. . . .11309‚29. 1, 2711241128. 263, 7. - 4, 11·13. . .11383,19.
9,13. . , ,11 310, 6. 1117,13.23.195,17, 4,12.13;1166,23.198, 3.
10‚4. . . . 14424.ι,21;1143,12,-1117,4,12.. . ,111384
118. - · .11 156. 29. 1121. 14 . · .11199.1.14.
10, 111718111111348, 15. 1, 29, . . .11315,19, 5,7 . . . ,11239211
ιο, 12. 13 , ,11323 8. 1, 361137324-11 5,3. 6,9. 10. . ,1136319
ιο, 13 . . , Ι 23, 1. 43,2ο.44,1.88,23. 115, 6, 19. 11253, 8. 256, 2.
ιο, 18: 1 114, 26. 294, 13, 12. 119, 10. 13. 133, 8. 6, 151129532331111327, 25.
1ο, 19 . , . Ι,1ο, 7. 135,1, 168, 27. 224, 2. 6, 161 I1o,19l{11 119, 9.
, 11,11;12οο,12,-11152, 4. 227, 3. 228, 1. 231, 1. 8171113833-11119,
11, 12 . . ,11152, 5. 233, 12. 292, 2411297, 9. 11, 2611361, 1. 3.
11. 22· . . ι11129. 9. 151. 1116121. 11911291122911-
11, 25. 26 . ,11152, 7. 1, 31, , . . 1 4419, 11134,1o.236‚19.
11,33 ...1137323 2,2 ....1188,13.,7,2-6 ...11398 8.
1114 ...12981141 ...11112111....11111.12-
11, 36 . . . 1113514. 2, 41 157,14, 114, 519, 7, 51 II 300, 16, 317, 2.
112. . . .11149. 1. 26111 1 1112119811

8
8
8
9

 

