420 Lukas 24, 4. Stellenregister. Johannes 13, 25.

24, 41*1156,19, 59, 24, 27 193, 6, 194, 22. 200, 13.. 6, 33. 35. 48. 511 11321, 9.
24, 5.6. 1161*2. 27. 225, 10. 227, 26. 230, 21. ,6, 33. ,1 98,15.
24, 14. 15. .1184, 17. 231, 1. 233, 12. 292, 2411 6, 34. 35 ,,11363 2.
24, 15-17. ,1184, 19. 357, 12. 361, 16. 364, 23. ’,6 35, ,,1183 29.
24, 15. 1.192, 20. 365, 24, 25. 26. 369,13 6, 51: 1133 27 -11 114,
24,26. 27 .11152,12.1,17. .11140,28. 20. 23. 167, 25. 168, 2.
24, 39-35. ,,1164 8,1,1811 193,14.178,14, 91363, 4. 13, 366, 29.
24, 30: 1189, 34 192, 8. 200, 13. 369‚.4
24, 31. 1184, 22. 24. 189, 1,2.6 27: 1136, 21.- 116, 5-..256 ,,11239 21.
34 Ι92, 8 11, 11 6, 5151 8816121
24, 34: 1*178, 26. 182, 25. 1, 26: 1136 241111 329 17. 6, 53. ,11365 24.
24, 3643 Ι*17824 182 19. 1, 29: 1137 30-11258 9. 6, 58. ,1136326
ufi- 8991Μ4 Ι916986,9ψψ
2439 . . . 1183 26. 132· *192593271005 7, 15. ,11 8623.
Μπω-Λώπ19.ΜΝΜΛ.
mmm 1,42. . . ,11354 7. 7,42. 187, 2. 192, 23.
15119913111132311, 812. 11 11, 9. 12, 2.
1, 1.211277,27,294,29,- 2, 19111372922913- 4,282,3 .11362, 11.
1123,24.193,6. 11236, 27 8, 37. ,13336 36, 2.
1,1,3111139,24.141,22,2,2ο. . . , 1137, 22. 8, 39. , . 1361. 3.
1,1.4 . . . 1172, 5. 2, 2111137,21.229,14,- 8, 491 1 119, 20. 154,19.
1, 1: 1120,22. 13525. 136, 1123628, -11167,2ο,
13, 137, 25. 158, 30. 237, 2, 25. . , , 1151, 12, 8, 58. . . .11229,28.
6. 256, 8. 271, 23. 285, 3, 12. . . ,1129929 9,5 . . . ,11 11, 9.
13. 15. 287, 13. 373, 24. 3, 16181 11121912. 120, 9, 1614. 17. 21. 2639321
- 114, 25, 5, 3, 25, 25. 8. 167, 23. 194, 21. 200, 117916.
44,1. 88,19. 23. 119,10. 13. 215, 13. 221, 2 227,3, 9, 39. ,11 190, 7.
13.15.120,7.133,8. 133, 230,823. 231,18 235,5 10, 7. ,,1133 26.
21. 138, 7. 10. 148, 25 242, 26. 249, 17. 279,4, 19,8. ,11,219 19.
168, 9. 20. 22. 27. 196, 8, 283, 2911344, 26. 348, 18. 10, 9: 118329-11167, 23.
299,13,219,11,18,221, 349, 8, 362, 2. 3868. 10,10 , 11219, 20.
2, 8, 224, 2. 225, 10. 26. 3,16 111,1711124 27.1o, 16. .11323, 6.
227, 326. 229,9. 230,21. 3, 21 . .‚1299 1. 19, 181 1143, 29, 229, 4.
231, 1. 233, 12. 242, 26. 3, 29 ,,11339 61 ιο, 21 , ,1179,16.
28320. 292,19, 2414357, 3, 31. 1.1362, 11. 10, 23. 24. .*1 121, 11.
12. 361, 16, 364, 23. 369, 4, 6.7 .‚1124 10. 10, 24 , . 1199, 2.
21. 372, 2. 4,14. 1191, 511395, 8419, 291 11 232, 6. 233, 9.
1, 3.4 . . ,ΙΙ 74, 25. 4, 21. 24 . ,ΙΙ 149, 21. 10, 30 , 11229, 1624.
1,3 , . , ,11 139, 16. 4, 24. 23 . .11140,28. 11, 25:1200611168 5.
1,4 . . . ,11 11, 10. 4, 2411193,2ο,-11 140, 11, 37 , ,1179,16.
1, 5 . . , .11292,29, 11.19,25.1,41,7.178,17.,11,38-44 1179,
1910fflmw- 4‚u nmssstmz.wnm8
1111, 9. 20. 121474 4,3.5 36 . ,11329,21. 11,52 . , ,11323 6.
26. 129, 23, 159, 1511338, 44, 48. ,1175 25. 12, 6 . 11315, 3.
22. 361, 11. 400, 26 5,.23 . 11227 21 26 12, 15 . . ,Π292, 9.
1121 11 339 17., 5 24 .‚138 21. 23412, ,24 ..,11238, s.

1,12,..,11347,1,.9527 Ι32,.,Ι2141225.,, 3317.
1,1.1418: 1234,3.-11’5,31.. ..199,.,2912,29 ...11233 9.
12, 16121298. 167, 23. 5, 39 123ο,1.-1117,19. 12, 31: 1 *169, 2, 366Ι 20.
194, 21. 215, ,¹·3 221, 2. 77,17. 106, 27. 12, 32 . .1 47, 2.
227,3. 230,8! 23. 231, 18, 5,144 1134131383, 8.12,4ο , ,1179,19.
235, 5. 242, 26. 249, 17. 546 47 . .1,13119.12,45 . . ,ΙΙ 239, 2.
279, 4. 283, 291144, 26. 6,5-13 . . *1122, 1. 12, 49 . . .11232, 6.
348,18. 349, 8. 362, 2. 6, 191 I 168,17. 210, 22. 13,1 . 11339, 3, 21. 27.
386, 8. 6, 26. . . ,113641 3. 13, 2. 27 . .*1171, 19.
1, 141 1285, 16·2o.— 11 6, 27. . . ,1136416 13,2, . , , 1133, 1.
44, 1· 79.19· 8821- ¹33¹ 6. 28- 21 · -11364 17· 143· · · ,18119 8·
8699Μ9968ω mssmssstmw· lma
26. 139,1.5. 23. 148, 25, 6, 32. 33 . ,1136416 138. . . . 1133, 3.
29, 149, 2. 5. 6, 168, 27. 6, 32. . . ,1136436 13, 25 . . ,11 148, 30.

 

