426 Kolosser 3, 17. Stellenregister. 11 Timotheus 4, 5.

3, 17. . . .11248, 6. 4,1415: 11230,25.242, 12,15.16 . .11392,22.
4, 6:123o,2.-11 80, 23. 27.252,311320,20. 22, 22. 23 . .11225, 5.
· 4, 14: 114,25. 90, 27. 249, 22, 222 1196, 2. 180, 10. 23.
1112342102101252· 15· Ι611388, 3· 898, 2⁴·
4,·.1416 .,1231 10. 22, 28 , , .11339,17.
313. . . .1137028.4,14f..1133414.12,29:1283,1.4.2o.-
4,·1315.,1188 3. 4, 14: 113, 221111 197, 21. 11 2402. 8. 10. 142,4. 6.
4, 25 16. .11 28 22 4,5:1 1223 241111335 22 233. . . . 125022.
4,16.17. .11 28,27. 5,2 .. ,,127 6. 23,8. . . .11372,23.
4,26. . . , 1187, 30. 5, 202 114,25.19721.230, 23, 22 ...114o2,34.
5,2 . . . . 1211, 13. 25. 242, 27. 252, 311320,
55 · · · · 1183, ¹5 2033414· 2222252232,
5,6.8 . . . 1268, 8. 5,222 Ι.,3ο724.- -116 32.
5,7 . . . .ΙΙ379, 22. 28220 1,1:2 124,,3111287 26.
5,227 11 324 29 323 2. 5 222412483301111366, 2, 15: 1116, 3. 289, 13.
349‚8-1 358, 22· 43,·638 29125
5,2,22Ι3,,.ό125423229, ,Ι222,.23
11113232102101222 2⁸⁷21· 2‚1·2 · · ·11²9⁰2³¹·
514: 1254,.2223. 287, 2,1 .. ,,11332 2.
2,5 . ,, ,128020 22,--1,,.183282 2820 . .11300, 3.
2,.1-12. ,Ι,,1227364. .11338,2.,:,228I25418.- 11295,
2,2 . . . . 1222, 23. 6,.5 .,11263 23. 281326 27 327 29328
2, 3⁶4: 1 272, 27.- 11 6, 20: 114,25. 297, 21. 230, 3. 395, 21. 241.[59}, 23.
,,1,’1”11;1·,,,,,1 11 11111 ²⁵² ³¹¹ ³²⁰ 11 ¹.⁰.· .· . ,12113 ’,ζ
..81:⁸2 ..14. 2. 1111 ..3 ,21111 11. ῑῑ :3¹:211 13:
2, 9. 20, . . 1273, 25 297, 21. 230 25 242, 27. 3, 15. 1.1 35, 6.
29. 11 226 261308 26 2231320 20 334 24 326 .122815.
2,1.0-12 . ,1,,,27229727. .127, 6.4,..45 11248 9.
3,1 ....1262, 5826 , 12311041012451327715.
8 1 134 20111425 297, 297, 26,
flemus 21. 230, 25.242,27.252,4,13. .1177,16.
31328, 20 234 14 531617 11311, 11·

. 1,3: Π22525268 15 8,:3 12761111335 2952411272 221372 8.

230, 2. 231, 11. 852 1228 ,1.-9 -11,47 24 5, 18. . 1322 23.
15... 1,.‚:1353091111425.‚.„.1972123o67 .1,122922.
2,6 .11,303 19 335 5. 25 242 27. 252,3,132ο 6, 11. ...11283, 12.
{}·i1353·2¹38339².‘’3³³⁴¹⁴ ,,,, ,1111381111
29,.,....1125029924. ,1,..272262728 ..11272,27.
22411423249271924 ,1.,12822262829 ..1134420
370,.7 9,26· 1330 251Π32362022 . .1222,23.
2,10....II35,28 43,.7425 .
2,12. . . .11335, 28. 20, 1: 1128 20 301, 20111 numum,

2,14..15 .1,-116917. 3735Ι
224....14322 204 , 127,2.1,3....II64,20.

215: 1289 231111 336 17. 2020 . 11320, 20. 1,10. . , , 1255,19.
2, 27. 114,25. 197 21 230, 20, 22 ..1 27, 6. 2, 52 1 4, 22111225, 2.
2.5 242,27.25,231320, 2023 , ..11359, 5. 273, 2.
20. 334, 14. 2029 . . .11228, 6. 2, 82187, 2.-11 248, 23.
3, 221232, 20, 292, 22,- 2032-36 . . 1 42, 3, 2,11. . . , 129026.
114,25.197,21.230,25. 10, 32 . . . 1 41,10. 2,22, . . . I 34, 22.
242272231132020 2033 . .141,11.2,15....Il 2, 2.
334, 14. 2034 . ,1 41,12. 2,18. . . . 1211,12
3,52142,2.8241111292, 10. 2035. 12352 23. 22022 ..1340 8

3„.14....1111711,16. ,11292,24,3,.4 11343 7.
4,3 . . , .II313,411,37381115910170 367 .119425.
4,9 . . . .1137420 202213429111 3528. 317: 1118312.18826.
4,1.2 125 223424 22 10 . .1135415.,.45 .. 12,68 8.

 

