416 Μ23111163816, Stellenregister. Μ2331186323, 37.

Ι8,16, . ..,,,113432211243. .1367,,,;,.,.,137318631863194
8,36. . ,,1186 9 13,2 ..3 ,24214 8,.-16-11233,16.

8,32,...11247,.,’;13133144,,.,.131128οι7176 1,1146,24,
9.9·...1113Λ3.134 1..33161813..3 ..19913
21113 1156 5· 13..5 13113 45 3. 13. 15 . 1133313.
91213 . 1,18917. 137 .1,4417,18,21. 18,6-9. ,ΙΙ 67,19.
9,.12 123313236 8138 ,,.1441718,9. *119326
9,33....1289,1313,9;119417,-Π183,.61816ι11136,13,23ο,3.
9, 2022. ,Π 164, 23, 194, 5. 22 111324, 8. 377. 8.

9,22. , . . 11161,38.113,1ο·,17 ,1217 22. 18512. 13. 12,86 28.
9, 23-26, 169, 27. 13, 16 . .1186,13,18,13. 11321 16.
9,30. . . . 1176,16. 1311 1,47,911186,13,18,18. Π333,16,
9, 34, .183‚4.163,17. 13, 12 ..11,400 14, 18,19, .11286, 13.
9, 37. 38:19411. 115,11. 1313 . 16,71176,19. 18,2ο . . , 1336, 26,
9,38, . , .11299,22.13,16 , , , 147, 9.18,23-35 . .11379, 7.
16,1 . 1113, 13. 367, 1, 13,19;144,18.2ο,46,9. 18, 3634 . ,ΙΙ 379, 1.
mmmsswae4zmw·104w4ffiwwufflww9

10,3. . . . 131313, 13, 21:143, 5. 1214, 46,9. 18, 33 , . ,1137313
16,5.,.,129,.,;,,.,713221441821451.19,.3 ..11119,9.

16,6.127311286,27, 46,161111174,28. 19,6.. . ,11119, 9.
10,17-23. ,Ι 29, 8. 13, 23. 143, 4. 8, 26 11 11 19, 31 ,11272 12.
16,18; 1343, 33. 142, 6. 337, 39, 17. 19, 3111133316,
38. 32, 163, 16, 13, 39. 40. 1,33o 131323. ,1117426
16, 2ο , ,1 36, 12. 13, 39. ,11363 12. 19, 24· 111861327, 169,
1622 . 136181346 . ..11,.36112 19.
10, 23: 11186-11 239 20. 13, 42 . ..Ι 33, 8. 19, 26: 11113, 13, 24, 12.
10, 28: 136, 133134 16. 13, 43: 1194, 17.--11 19, 27-2:9 114,9,13,21,
1318181195161333 18361933 19181135913.
1,8 13 47. ,11373,26,19, 29 ,134,19, 3322.
w,m3.. πμώῃφ.. Imsmn.. .1u,m
10, 29. 1128717.391,13.13 54 . .11 86, 23. 26, 22 , 1 24, 22.
36, 30: 133 36 11Π28 713 331 ΙΙ 86 21. 166, 3, 20, 23·2:7 11*16920 1751.
26113242 14, 14 21 . ,*1122, 1. 26, 26. 27. .,1299 20.
8131117131· ² ¹³ 8 8¹ ¹ ¹⁶⁸ ²⁷1 ²¹8: 8 :8 88³⁴ 8 1332·
maessffimaw9dnw··ssssawffl···hffim
34,111]142,23. 13, 11 . . ,ΙΙ 244, 21, 21, 3, , . .11292, 9.
10,34 . 134, 22. 35, 6. 1317 . . ,ΙΙ 244, 22. 21, 18, 19 . .11466,13,

16, 37 . I 18,7,36,8, 13, 19: 11 184, 3, 244, 24. 21, 23. 26 . .11362, 11.
1639 . 1 26. 9. 31. 1. 15. 24: 1133. 11· 186. 13. 11. 31 . . .11 16511.
11,9. . . .Π362, 27. 15, 30 ...11261,22. 21,41 ...127314
13, 15: 1 194,17. — 11 13, 32-38 , .11 122, 1. 21, 43. 41 . ,11 62,16.
183, 6. 193. 5· 15, 32. 33. ,1,168 18. 21, 43: 1 132, 9. 134, 16.
11, 22. 24: *1196 27. 197, 13, 38: 1 168,17. 210, 22. 200, 30. 273, 13. 31338,
11261. 19181, 181 16,18;11147,11181113347, 22, 30: 1133261129813-
11:233 1191391420388883 88, 88. 23.. 1388, ἐξ. 22, 32· 11:292: 81ἓέ8, 13.
¹⁹:8³128338888588 88 88: '¹¹³ ²1¹ 88 ¹8 8: ³8 8888118ῑὲ8·
{8ss 29: 1431211132134 31, 22. 211.. 11,31,.31 23,8.11211’,.1111763,39,
11, 30 . 128, 3. 87, 89.. η ,21288 23. 33: 81 ,3,64, 313299: 88.
12,2411... 1123016.17,1·:3 118313- ΙΙ 2312 . .,1257 3.
11. 24: 1836 1³7.1· 163. 138. 19. 145. 19· 13. 13-191 *1 136. 13. 133.
17, - 11 242, 11. 17, 1. 2: 1 186, 1. 283, 27.- 26, 198, 8.
12, 23-29 . . ,11338 11 148, 1. 23, 15. 33 . ,Ἦ 95, 20.
12, 32: 1 165,30.—11263, 17,1: 11 147, 5. 147,17. 23,32:110,30.11,3.18.

131332131513. 1321311. 1334 . . . 1131. 16.
12, 36:18, 11. 21 11 ΙΙ 376, 17, 2ι1283,18.-11137,2ο. 23, 33 , . ,1123313

19. 17,3. . . . .1186,4. 2337 . . .1143. 7.

 

